

1221.2270770	0.0000000	479.5000000	
0.0000000	1221.2270770	269.5000000	
0.0000000	0.0000000	1.0000000	
1.0000000000	0.0000000000	0.0000000000	
0.0000000000	1.0000000000	0.0000000000	
0.0000000000	0.0000000000	1.0000000000	
0.0000000000	0.0000000000	0.0000000000	


1221.2270770	0.0000000	479.5000000	
0.0000000	1221.2270770	269.5000000	
0.0000000	0.0000000	1.0000000	
0.9999996335	0.0008239030	0.0002328896	
-0.0008238827	0.9999996568	-0.0000873523	
-0.0002329615	0.0000871604	0.9999999691	
-1.0543652340	0.0331049274	0.1215278621	


1221.2270770	0.0000000	479.5000000	
0.0000000	1221.2270770	269.5000000	
0.0000000	0.0000000	1.0000000	
0.9999975979	0.0019555190	0.0009899857	
-0.0019550738	0.9999979874	-0.0004504099	
-0.0009908645	0.0004484733	0.9999994085	
-2.1749340190	0.0669574898	0.0331257801	


1221.2270770	0.0000000	479.5000000	
0.0000000	1221.2270770	269.5000000	
0.0000000	0.0000000	1.0000000	
0.9999979521	0.0008588354	0.0018325390	
-0.0008574262	0.9999993362	-0.0007696360	
-0.0018331988	0.0007680632	0.9999980247	
-3.2682670464	0.0476771696	0.1722057556	


1221.2270770	0.0000000	479.5000000	
0.0000000	1221.2270770	269.5000000	
0.0000000	0.0000000	1.0000000	
0.9999969136	0.0003604393	0.0024582397	
-0.0003573167	0.9999991290	-0.0012705751	
-0.0024586955	0.0012696928	0.9999961713	
-4.3753222466	0.0420169508	0.1947854925	


1221.2270770	0.0000000	479.5000000	
0.0000000	1221.2270770	269.5000000	
0.0000000	0.0000000	1.0000000	
0.9999966263	0.0011253013	0.0023411614	
-0.0011204264	0.9999972038	-0.0020825360	
-0.0023434983	0.0020799059	0.9999950910	
-5.4710004632	0.0755447311	0.2433972188	


1221.2270770	0.0000000	479.5000000	
0.0000000	1221.2270770	269.5000000	
0.0000000	0.0000000	1.0000000	
0.9999892992	0.0036708333	0.0028153878	
-0.0036632822	0.9999896921	-0.0026825516	
-0.0028252060	0.0026722094	0.9999924387	
-6.5817427832	0.1188083935	0.2220619945	


1221.2270770	0.0000000	479.5000000	
0.0000000	1221.2270770	269.5000000	
0.0000000	0.0000000	1.0000000	
0.9999650836	0.0077513473	0.0031221971	
-0.0077426195	0.9999661113	-0.0027978593	
-0.0031437784	0.0027735876	0.9999912119	
-7.7130175546	0.1336063821	0.2364463462	


1221.2270770	0.0000000	479.5000000	
0.0000000	1221.2270770	269.5000000	
0.0000000	0.0000000	1.0000000	
0.9999257603	0.0118004292	0.0030370802	
-0.0117926887	0.9999272019	-0.0025540976	
-0.0030669985	0.0025180926	0.9999921263	
-8.8353136351	0.1635604545	0.2301339007	


1221.2270770	0.0000000	479.5000000	
0.0000000	1221.2270770	269.5000000	
0.0000000	0.0000000	1.0000000	
0.9998813487	0.0148994942	0.0039106989	
-0.0148907594	0.9998865876	-0.0022532664	
-0.0039438279	0.0021947658	0.9999898146	
-9.9909793759	0.2451742154	0.1650832670	


1221.2270770	0.0000000	479.5000000	
0.0000000	1221.2270770	269.5000000	
0.0000000	0.0000000	1.0000000	
0.9998935133	0.0139961957	0.0041314194	
-0.0139938798	0.9999019074	-0.0005889290	
-0.0041392569	0.0005310517	0.9999912922	
-11.1219749835	0.1846415683	0.2253827226	


1221.2270770	0.0000000	479.5000000	
0.0000000	1221.2270770	269.5000000	
0.0000000	0.0000000	1.0000000	
0.9998981408	0.0136996584	0.0040034156	
-0.0137004073	0.9999061323	0.0001597098	
-0.0040008519	-0.0002145420	0.9999919735	
-12.2389954087	0.2317616987	0.2357642731	


1221.2270770	0.0000000	479.5000000	
0.0000000	1221.2270770	269.5000000	
0.0000000	0.0000000	1.0000000	
0.9998977787	0.0136884079	0.0041303338	
-0.0136932316	0.9999055913	0.0011418657	
-0.0041143135	-0.0011983066	0.9999908182	
-13.3159421436	0.2478981644	0.3606974140	


1221.2270770	0.0000000	479.5000000	
0.0000000	1221.2270770	269.5000000	
0.0000000	0.0000000	1.0000000	
0.9999234413	0.0113546069	0.0049177612	
-0.0113687224	0.9999313070	0.0028519218	
-0.0048850409	-0.0029076122	0.9999838410	
-14.4616107209	0.2204593787	0.3797638823	


1221.2270770	0.0000000	479.5000000	
0.0000000	1221.2270770	269.5000000	
0.0000000	0.0000000	1.0000000	
0.9999319112	0.0105427961	0.0050022475	
-0.0105614124	0.9999373447	0.0037098825	
-0.0049628215	-0.0037624607	0.9999806070	
-15.5879978096	0.2416800070	0.4390905441	


1221.2270770	0.0000000	479.5000000	
0.0000000	1221.2270770	269.5000000	
0.0000000	0.0000000	1.0000000	
0.9999165247	0.0120051065	0.0047771452	
-0.0120226454	0.9999210278	0.0036597999	
-0.0047328317	-0.0037169283	0.9999818922	
-16.7112863504	0.2588349827	0.5185053784	


1221.2270770	0.0000000	479.5000000	
0.0000000	1221.2270770	269.5000000	
0.0000000	0.0000000	1.0000000	
0.9998968137	0.0134487651	0.0050490202	
-0.0134661234	0.9999034794	0.0034198422	
-0.0050025402	-0.0034874800	0.9999814059	
-17.8206718900	0.2968613041	0.5359990837	


1221.2270770	0.0000000	479.5000000	
0.0000000	1221.2270770	269.5000000	
0.0000000	0.0000000	1.0000000	
0.9998672449	0.0154224590	0.0052574059	
-0.0154394692	0.9998756504	0.0032103916	
-0.0052072400	-0.0032911370	0.9999810264	
-18.9974890178	0.3015855399	0.4866698022	


1221.2270770	0.0000000	479.5000000	
0.0000000	1221.2270770	269.5000000	
0.0000000	0.0000000	1.0000000	
0.9998323361	0.0176390854	0.0049155159	
-0.0176548018	0.9998391088	0.0031724505	
-0.0048587659	-0.0032587011	0.9999828865	
-20.0899922210	0.3115079376	0.5350074025	


1221.2270770	0.0000000	479.5000000	
0.0000000	1221.2270770	269.5000000	
0.0000000	0.0000000	1.0000000	
0.9997666281	0.0209128595	0.0054167936	
-0.0209300072	0.9997760484	0.0031285458	
-0.0053501537	-0.0032411892	0.9999804351	
-21.2446696477	0.3268429552	0.5515506079	


1221.2270770	0.0000000	479.5000000	
0.0000000	1221.2270770	269.5000000	
0.0000000	0.0000000	1.0000000	
0.9997361999	0.0223192126	0.0054206334	
-0.0223342006	0.9997468595	0.0027203746	
-0.0053585446	-0.0028407225	0.9999816080	
-22.4120301862	0.3342253560	0.5013684032	


1221.2270770	0.0000000	479.5000000	
0.0000000	1221.2270770	269.5000000	
0.0000000	0.0000000	1.0000000	
0.9997101498	0.0235464665	0.0050179901	
-0.0235588319	0.9997195244	0.0024195184	
-0.0049596115	-0.0025370351	0.9999844827	
-23.5075218163	0.3471430158	0.5689995097	


1221.2270770	0.0000000	479.5000000	
0.0000000	1221.2270770	269.5000000	
0.0000000	0.0000000	1.0000000	
0.9996356721	0.0264012461	0.0056122496	
-0.0264153577	0.9996480382	0.0024553276	
-0.0055454506	-0.0026026826	0.9999812368	
-24.6128092423	0.3869765742	0.6182249303	


1221.2270770	0.0000000	479.5000000	
0.0000000	1221.2270770	269.5000000	
0.0000000	0.0000000	1.0000000	
0.9996077948	0.0272401689	0.0064984451	
-0.0272556973	0.9996258183	0.0023130734	
-0.0064330050	-0.0024892858	0.9999762097	
-25.7695033995	0.3875588591	0.5739904317	


1221.2270770	0.0000000	479.5000000	
0.0000000	1221.2270770	269.5000000	
0.0000000	0.0000000	1.0000000	
0.9996293950	0.0262935542	0.0070513520	
-0.0263080593	0.9996519376	0.0019722416	
-0.0069970405	-0.0021570181	0.9999731940	
-26.8712183526	0.4089690615	0.5982313550	


1221.2270770	0.0000000	479.5000000	
0.0000000	1221.2270770	269.5000000	
0.0000000	0.0000000	1.0000000	
0.9996956249	0.0235140336	0.0074664370	
-0.0235253969	0.9997222057	0.0014377410	
-0.0074305558	-0.0016129542	0.9999710922	
-28.0045138161	0.3834707337	0.5871585578	


1221.2270770	0.0000000	479.5000000	
0.0000000	1221.2270770	269.5000000	
0.0000000	0.0000000	1.0000000	
0.9997600186	0.0203769411	0.0080427287	
-0.0203836617	0.9997919469	0.0007545268	
-0.0080256804	-0.0009182860	0.9999673721	
-29.0803357370	0.4325848402	0.5873039303	


1221.2270770	0.0000000	479.5000000	
0.0000000	1221.2270770	269.5000000	
0.0000000	0.0000000	1.0000000	
0.9997931689	0.0181762007	0.0091238727	
-0.0181815018	0.9998345786	0.0004983936	
-0.0091133045	-0.0006641762	0.9999582524	
-30.1537211418	0.4500536319	0.6041318403	


1221.2270770	0.0000000	479.5000000	
0.0000000	1221.2270770	269.5000000	
0.0000000	0.0000000	1.0000000	
0.9998110034	0.0166430643	0.0100481772	
-0.0166511294	0.9998611014	0.0007195191	
-0.0100348065	-0.0008866967	0.9999492569	
-31.2871944582	0.4573754471	0.5278044396	


1221.2270770	0.0000000	479.5000000	
0.0000000	1221.2270770	269.5000000	
0.0000000	0.0000000	1.0000000	
0.9998278717	0.0153836775	0.0103715705	
-0.0153886357	0.9998815086	0.0003984214	
-0.0103642124	-0.0005579572	0.9999461344	
-32.3749690316	0.4403158940	0.5563133312	


1221.2270770	0.0000000	479.5000000	
0.0000000	1221.2270770	269.5000000	
0.0000000	0.0000000	1.0000000	
0.9998410669	0.0143270157	0.0106102570	
-0.0143282519	0.9998973445	0.0000405031	
-0.0106085875	-0.0001925231	0.9999437088	
-33.4762587313	0.4351060207	0.5448942818	


1221.2270770	0.0000000	479.5000000	
0.0000000	1221.2270770	269.5000000	
0.0000000	0.0000000	1.0000000	
0.9998454864	0.0136074743	0.0111283410	
-0.0136069821	0.9999074135	-0.0001199481	
-0.0111289429	-0.0000314936	0.9999380709	
-34.5640606512	0.4580155758	0.5068819923	


1221.2270770	0.0000000	479.5000000	
0.0000000	1221.2270770	269.5000000	
0.0000000	0.0000000	1.0000000	
0.9998321463	0.0138368758	0.0120091670	
-0.0138305667	0.9999041681	-0.0006082550	
-0.0120164325	0.0004420594	0.9999277024	
-35.6419064138	0.4737410376	0.5533499658	


1221.2270770	0.0000000	479.5000000	
0.0000000	1221.2270770	269.5000000	
0.0000000	0.0000000	1.0000000	
0.9998115449	0.0149035638	0.0124401946	
-0.0148933104	0.9998886685	-0.0009164567	
-0.0124524681	0.0007310083	0.9999221978	
-36.7714637046	0.4537312502	0.5610878517	


1221.2270770	0.0000000	479.5000000	
0.0000000	1221.2270770	269.5000000	
0.0000000	0.0000000	1.0000000	
0.9997977538	0.0158549151	0.0123722778	
-0.0158333977	0.9998729597	-0.0018351831	
-0.0123998027	0.0016389167	0.9999217764	
-37.8385407359	0.4597781752	0.6417904576	


1221.2270770	0.0000000	479.5000000	
0.0000000	1221.2270770	269.5000000	
0.0000000	0.0000000	1.0000000	
0.9997778192	0.0166433387	0.0129348980	
-0.0166099855	0.9998584484	-0.0026817119	
-0.0129776997	0.0024662676	0.9999127446	
-38.9315896459	0.4999464115	0.6366282024	


1221.2270770	0.0000000	479.5000000	
0.0000000	1221.2270770	269.5000000	
0.0000000	0.0000000	1.0000000	
0.9997227373	0.0191366902	0.0137198971	
-0.0190972461	0.9998131294	-0.0030002360	
-0.0137747478	0.0027373919	0.9999013766	
-40.0398474499	0.5073863268	0.6079744963	


1221.2270770	0.0000000	479.5000000	
0.0000000	1221.2270770	269.5000000	
0.0000000	0.0000000	1.0000000	
0.9997173020	0.0190842688	0.0141812134	
-0.0190404004	0.9998135234	-0.0032220341	
-0.0142400591	0.0029511073	0.9998942502	
-41.1710093806	0.5191033123	0.5529353184	


1221.2270770	0.0000000	479.5000000	
0.0000000	1221.2270770	269.5000000	
0.0000000	0.0000000	1.0000000	
0.9997623145	0.0165755882	0.0141620763	
-0.0165323687	0.9998583267	-0.0031634291	
-0.0142125056	0.0029285446	0.9998947086	
-42.2303374820	0.5192300926	0.5715975774	


1221.2270770	0.0000000	479.5000000	
0.0000000	1221.2270770	269.5000000	
0.0000000	0.0000000	1.0000000	
0.9997807795	0.0146198628	0.0149884120	
-0.0145776006	0.9998894627	-0.0029250548	
-0.0150295191	0.0027059185	0.9998833890	
-43.3141519744	0.5546871766	0.5218102393	


1221.2270770	0.0000000	479.5000000	
0.0000000	1221.2270770	269.5000000	
0.0000000	0.0000000	1.0000000	
0.9998216543	0.0112501752	0.0151688197	
-0.0112178087	0.9999346204	-0.0022171552	
-0.0151927714	0.0020465989	0.9998824887	
-44.4133825913	0.5218521360	0.5721936215	


1221.2270770	0.0000000	479.5000000	
0.0000000	1221.2270770	269.5000000	
0.0000000	0.0000000	1.0000000	
0.9998474188	0.0088744723	0.0150460236	
-0.0088444273	0.9999587608	-0.0020622350	
-0.0150637044	0.0019288469	0.9998846755	
-45.4455895506	0.5482070285	0.6149018213	


1221.2270770	0.0000000	479.5000000	
0.0000000	1221.2270770	269.5000000	
0.0000000	0.0000000	1.0000000	
0.9998188920	0.0109502279	0.0155652080	
-0.0109147139	0.9999376365	-0.0023647529	
-0.0155901318	0.0021944349	0.9998760584	
-46.4873118552	0.6072828645	0.6464191993	


1221.2270770	0.0000000	479.5000000	
0.0000000	1221.2270770	269.5000000	
0.0000000	0.0000000	1.0000000	
0.9997820654	0.0132415666	0.0161394725	
-0.0132083959	0.9999104321	-0.0021601228	
-0.0161666304	0.0019464755	0.9998674169	
-47.5999156616	0.5853433912	0.6372166239	


1221.2270770	0.0000000	479.5000000	
0.0000000	1221.2270770	269.5000000	
0.0000000	0.0000000	1.0000000	
0.9997669905	0.0145121420	0.0159800647	
-0.0144749969	0.9998922603	-0.0024376882	
-0.0160137191	0.0022058088	0.9998693391	
-48.7117678145	0.5226547221	0.7229544105	


1221.2270770	0.0000000	479.5000000	
0.0000000	1221.2270770	269.5000000	
0.0000000	0.0000000	1.0000000	
0.9997308706	0.0170849300	0.0156936791	
-0.0170358534	0.9998495792	-0.0032555473	
-0.0157469392	0.0029873159	0.9998715467	
-49.7541692585	0.5582817787	0.7034602335	


1221.2270770	0.0000000	479.5000000	
0.0000000	1221.2270770	269.5000000	
0.0000000	0.0000000	1.0000000	
0.9996913725	0.0188483844	0.0161832646	
-0.0187973578	0.9998178700	-0.0032994063	
-0.0162425056	0.0029941854	0.9998635986	
-50.8368356840	0.6050038897	0.6865842095	


1221.2270770	0.0000000	479.5000000	
0.0000000	1221.2270770	269.5000000	
0.0000000	0.0000000	1.0000000	
0.9997156114	0.0170252105	0.0166984561	
-0.0169768800	0.9998512858	-0.0030318136	
-0.0167475901	0.0027474637	0.9998559745	
-51.9696803903	0.6373460977	0.6032133922	


1221.2270770	0.0000000	479.5000000	
0.0000000	1221.2270770	269.5000000	
0.0000000	0.0000000	1.0000000	
0.9997250078	0.0165766168	0.0165868776	
-0.0165341277	0.9998596686	-0.0026954838	
-0.0166292320	0.0024204931	0.9998587950	
-53.0150491153	0.5988812624	0.6709154529	


1221.2270770	0.0000000	479.5000000	
0.0000000	1221.2270770	269.5000000	
0.0000000	0.0000000	1.0000000	
0.9997016890	0.0181149841	0.0163823170	
-0.0180707821	0.9998326704	-0.0028421798	
-0.0164310618	0.0025452906	0.9998617613	
-54.0891060710	0.6721408812	0.5899549587	


1221.2270770	0.0000000	479.5000000	
0.0000000	1221.2270770	269.5000000	
0.0000000	0.0000000	1.0000000	
0.9996667629	0.0197132638	0.0166658456	
-0.0196789680	0.9998038871	-0.0022193578	
-0.0167063280	0.0018906516	0.9998586520	
-55.0966591563	0.6605948633	0.6904402530	


1221.2270770	0.0000000	479.5000000	
0.0000000	1221.2270770	269.5000000	
0.0000000	0.0000000	1.0000000	
0.9996285092	0.0210024839	0.0173706457	
-0.0209724759	0.9997782330	-0.0019078947	
-0.0174068640	0.0015428805	0.9998472986	
-56.2085083236	0.6443814296	0.7070349298	


1221.2270770	0.0000000	479.5000000	
0.0000000	1221.2270770	269.5000000	
0.0000000	0.0000000	1.0000000	
0.9996193417	0.0215708387	0.0172008918	
-0.0215414557	0.9997661662	-0.0018917035	
-0.0172376753	0.0015204512	0.9998502642	
-57.2718112409	0.6415440983	0.7519177357	


1221.2270770	0.0000000	479.5000000	
0.0000000	1221.2270770	269.5000000	
0.0000000	0.0000000	1.0000000	
0.9995674846	0.0239597796	0.0170520593	
-0.0239205908	0.9997107396	-0.0024984828	
-0.0171069899	0.0020895068	0.9998514814	
-58.2956305445	0.6815073945	0.7851835568	


1221.2270770	0.0000000	479.5000000	
0.0000000	1221.2270770	269.5000000	
0.0000000	0.0000000	1.0000000	
0.9995248897	0.0252226822	0.0177147185	
-0.0251799003	0.9996794660	-0.0026339907	
-0.0177754767	0.0021866844	0.9998396126	
-59.3598935562	0.7273422072	0.7673333453	


1221.2270770	0.0000000	479.5000000	
0.0000000	1221.2270770	269.5000000	
0.0000000	0.0000000	1.0000000	
0.9995680884	0.0232384370	0.0179892109	
-0.0232018531	0.9997282919	-0.0022397307	
-0.0180363710	0.0018213803	0.9998356724	
-60.4400802410	0.7427951865	0.7755224282	


1221.2270770	0.0000000	479.5000000	
0.0000000	1221.2270770	269.5000000	
0.0000000	0.0000000	1.0000000	
0.9996072300	0.0215467344	0.0179199335	
-0.0215117133	0.9997662957	-0.0021448032	
-0.0179619590	0.0017584723	0.9998371246	
-61.4977022816	0.7481830322	0.7571926058	


1221.2270770	0.0000000	479.5000000	
0.0000000	1221.2270770	269.5000000	
0.0000000	0.0000000	1.0000000	
0.9996405918	0.0199668174	0.0178889166	
-0.0199421161	0.9997999221	-0.0015581552	
-0.0179164488	0.0012008524	0.9998387664	
-62.5000617279	0.8068965162	0.7845667499	


1221.2270770	0.0000000	479.5000000	
0.0000000	1221.2270770	269.5000000	
0.0000000	0.0000000	1.0000000	
0.9996546951	0.0190889331	0.0180583289	
-0.0190825365	0.9998177732	-0.0005264790	
-0.0180650881	0.0001816985	0.9998367965	
-63.5330882781	0.7859022164	0.8035422603	


1221.2270770	0.0000000	479.5000000	
0.0000000	1221.2270770	269.5000000	
0.0000000	0.0000000	1.0000000	
0.9996446045	0.0194518601	0.0182288175	
-0.0194629124	0.9998104875	0.0004290810	
-0.0182170164	-0.0007837144	0.9998337492	
-64.5840290792	0.8486318171	0.7655734909	


1221.2270770	0.0000000	479.5000000	
0.0000000	1221.2270770	269.5000000	
0.0000000	0.0000000	1.0000000	
0.9996354306	0.0199274910	0.0182181504	
-0.0199577113	0.9997997319	0.0014784800	
-0.0181850395	-0.0018415336	0.9998329426	
-65.5545748126	0.7938887622	0.9522308247	


1221.2270770	0.0000000	479.5000000	
0.0000000	1221.2270770	269.5000000	
0.0000000	0.0000000	1.0000000	
0.9995727268	0.0226911022	0.0184249203	
-0.0227285634	0.9997400047	0.0018262987	
-0.0183786892	-0.0022442903	0.9998285788	
-66.5878252503	0.8230166375	0.9430720033	


1221.2270770	0.0000000	479.5000000	
0.0000000	1221.2270770	269.5000000	
0.0000000	0.0000000	1.0000000	
0.9995240555	0.0245566140	0.0186717766	
-0.0245930263	0.9996960610	0.0017229823	
-0.0186237909	-0.0021813577	0.9998241826	
-67.6396264980	0.8213767740	0.9432749920	


1221.2270770	0.0000000	479.5000000	
0.0000000	1221.2270770	269.5000000	
0.0000000	0.0000000	1.0000000	
0.9995126239	0.0251694033	0.0184666108	
-0.0252006331	0.9996813470	0.0014603597	
-0.0184239699	-0.0019250182	0.9998284111	
-68.6722819270	0.8026597982	1.0321317046	


1221.2270770	0.0000000	479.5000000	
0.0000000	1221.2270770	269.5000000	
0.0000000	0.0000000	1.0000000	
0.9995380557	0.0243690940	0.0181610143	
-0.0243811463	0.9997026377	0.0004424834	
-0.0181448310	-0.0008850654	0.9998349773	
-69.6240548649	0.7879387677	1.1349185828	


1221.2270770	0.0000000	479.5000000	
0.0000000	1221.2270770	269.5000000	
0.0000000	0.0000000	1.0000000	
0.9995634266	0.0228472411	0.0187339183	
-0.0228446574	0.9997389648	-0.0003519371	
-0.0187370689	-0.0000761865	0.9998244428	
-70.6497297773	0.8693272870	1.0442329551	


1221.2270770	0.0000000	479.5000000	
0.0000000	1221.2270770	269.5000000	
0.0000000	0.0000000	1.0000000	
0.9996346053	0.0190005232	0.0192259187	
-0.0189925599	0.9998194470	-0.0005967186	
-0.0192337854	0.0002313512	0.9998149869	
-71.6651247263	0.8763558467	1.1157046815	


1221.2270770	0.0000000	479.5000000	
0.0000000	1221.2270770	269.5000000	
0.0000000	0.0000000	1.0000000	
0.9997139606	0.0148463994	0.0187505036	
-0.0148316484	0.9998895767	-0.0009255239	
-0.0187621738	0.0006471583	0.9998237655	
-72.6504709635	0.8267500704	1.1450911586	


1221.2270770	0.0000000	479.5000000	
0.0000000	1221.2270770	269.5000000	
0.0000000	0.0000000	1.0000000	
0.9997415772	0.0129193332	0.0187048007	
-0.0128928191	0.9999157023	-0.0015374015	
-0.0187230862	0.0012958466	0.9998238679	
-73.6223893713	0.9081648064	1.1057547783	


1221.2270770	0.0000000	479.5000000	
0.0000000	1221.2270770	269.5000000	
0.0000000	0.0000000	1.0000000	
0.9997542867	0.0118600079	0.0187271583	
-0.0118280907	0.9999284000	-0.0018141745	
-0.0187473336	0.0015922222	0.9998229855	
-74.6018746682	0.9045286191	1.1214678276	


1221.2270770	0.0000000	479.5000000	
0.0000000	1221.2270770	269.5000000	
0.0000000	0.0000000	1.0000000	
0.9997135756	0.0148340994	0.0187807442	
-0.0148136290	0.9998895173	-0.0012286240	
-0.0187968948	0.0009500611	0.9998228714	
-75.6062039493	0.9028206164	1.1346083151	


1221.2270770	0.0000000	479.5000000	
0.0000000	1221.2270770	269.5000000	
0.0000000	0.0000000	1.0000000	
0.9996647725	0.0181255402	0.0184880370	
-0.0181070290	0.9998353719	-0.0011681677	
-0.0185061670	0.0008330127	0.9998283992	
-76.6461443734	0.9194169680	1.1083439427	


1221.2270770	0.0000000	479.5000000	
0.0000000	1221.2270770	269.5000000	
0.0000000	0.0000000	1.0000000	
0.9996304414	0.0203311570	0.0180450750	
-0.0203164126	0.9997931002	-0.0010000538	
-0.0180616738	0.0006330730	0.9998366742	
-77.5958137622	0.9492961247	1.1428828645	


1221.2270770	0.0000000	479.5000000	
0.0000000	1221.2270770	269.5000000	
0.0000000	0.0000000	1.0000000	
0.9995860816	0.0220208802	0.0185134093	
-0.0220209432	0.9997574895	-0.0002004797	
-0.0185133343	-0.0002072860	0.9998285921	
-78.6024603351	0.9844061415	1.1197237060	


1221.2270770	0.0000000	479.5000000	
0.0000000	1221.2270770	269.5000000	
0.0000000	0.0000000	1.0000000	
0.9995859718	0.0219119297	0.0186481207	
-0.0219199824	0.9997597024	0.0002275089	
-0.0186386545	-0.0006361811	0.9998260828	
-79.5782467443	0.9814173658	1.1644620095	


1221.2270770	0.0000000	479.5000000	
0.0000000	1221.2270770	269.5000000	
0.0000000	0.0000000	1.0000000	
0.9995872464	0.0215953878	0.0189466637	
-0.0216115568	0.9997662324	0.0006490355	
-0.0189282184	-0.0010582345	0.9998202852	
-80.5726783732	0.9909769407	1.1284147349	


1221.2270770	0.0000000	479.5000000	
0.0000000	1221.2270770	269.5000000	
0.0000000	0.0000000	1.0000000	
0.9996461841	0.0186010900	0.0190133125	
-0.0186116051	0.9998267183	0.0003762252	
-0.0190030197	-0.0007299604	0.9998191598	
-81.5012433992	1.0261072580	1.1840849180	


1221.2270770	0.0000000	479.5000000	
0.0000000	1221.2270770	269.5000000	
0.0000000	0.0000000	1.0000000	
0.9997221215	0.0135734584	0.0192728055	
-0.0135758673	0.9999078436	-0.0000058439	
-0.0192711087	-0.0002558028	0.9998142622	
-82.4463093657	0.9500429628	1.2380799300	


1221.2270770	0.0000000	479.5000000	
0.0000000	1221.2270770	269.5000000	
0.0000000	0.0000000	1.0000000	
0.9997589837	0.0105240298	0.0192670528	
-0.0104915232	0.9999433649	-0.0017874654	
-0.0192847729	0.0015848939	0.9998127753	
-83.3406310371	0.8887313070	1.3704256284	


1221.2270770	0.0000000	479.5000000	
0.0000000	1221.2270770	269.5000000	
0.0000000	0.0000000	1.0000000	
0.9997509326	0.0105013130	0.0196925144	
-0.0104043904	0.9999332829	-0.0050178126	
-0.0197438942	0.0048116742	0.9997934919	
-84.2412559750	0.8434605823	1.4612167589	


1221.2270770	0.0000000	479.5000000	
0.0000000	1221.2270770	269.5000000	
0.0000000	0.0000000	1.0000000	
0.9997431443	0.0097535961	0.0204575843	
-0.0095788049	0.9999169268	-0.0086247343	
-0.0205400070	0.0084265598	0.9997535202	
-85.3019370786	0.9388836300	1.3119408853	


1221.2270770	0.0000000	479.5000000	
0.0000000	1221.2270770	269.5000000	
0.0000000	0.0000000	1.0000000	
0.9997577961	0.0091337347	0.0200230855	
-0.0089481952	0.9999163775	-0.0093363719	
-0.0201066871	0.0091549401	0.9997559243	
-86.3279879276	0.9081395714	1.2090465468	


1221.2270770	0.0000000	479.5000000	
0.0000000	1221.2270770	269.5000000	
0.0000000	0.0000000	1.0000000	
0.9997144624	0.0131987779	0.0199194873	
-0.0129620329	0.9998443669	-0.0119677785	
-0.0200743473	0.0117061642	0.9997299567	
-87.1512193881	0.9700475366	1.3785451973	


1221.2270770	0.0000000	479.5000000	
0.0000000	1221.2270770	269.5000000	
0.0000000	0.0000000	1.0000000	
0.9996757664	0.0146900672	0.0207981748	
-0.0144257090	0.9998139593	-0.0128041296	
-0.0209823991	0.0124999496	0.9997017006	
-88.1703025054	0.9821613839	1.3508241980	


1221.2270770	0.0000000	479.5000000	
0.0000000	1221.2270770	269.5000000	
0.0000000	0.0000000	1.0000000	
0.9996855132	0.0138007615	0.0209383295	
-0.0135160494	0.9998150866	-0.0136787797	
-0.0211232353	0.0133914744	0.9996871897	
-89.1659545229	0.9447799579	1.3724781452	


1221.2270770	0.0000000	479.5000000	
0.0000000	1221.2270770	269.5000000	
0.0000000	0.0000000	1.0000000	
0.9997076230	0.0123787564	0.0207710125	
-0.0120796380	0.9998224079	-0.0144649596	
-0.0209463819	0.0142098241	0.9996796137	
-90.0710804496	0.9954378925	1.3461907612	


1221.2270770	0.0000000	479.5000000	
0.0000000	1221.2270770	269.5000000	
0.0000000	0.0000000	1.0000000	
0.9997144587	0.0112231357	0.0210960232	
-0.0109151534	0.9998329879	-0.0146579556	
-0.0212570082	0.0144235038	0.9996699966	
-91.0494356632	1.0935418984	1.2198510099	


1221.2270770	0.0000000	479.5000000	
0.0000000	1221.2270770	269.5000000	
0.0000000	0.0000000	1.0000000	
0.9997097439	0.0107044258	0.0215834022	
-0.0104053848	0.9998489671	-0.0139201671	
-0.0217291497	0.0136915431	0.9996701384	
-92.0292316378	1.0848506415	1.1715149816	


1221.2270770	0.0000000	479.5000000	
0.0000000	1221.2270770	269.5000000	
0.0000000	0.0000000	1.0000000	
0.9996986836	0.0118274162	0.0215094003	
-0.0115487235	0.9998483441	-0.0130351788	
-0.0216603108	0.0127828450	0.9996836649	
-92.9139806340	1.0452230337	1.2730962857	


1221.2270770	0.0000000	479.5000000	
0.0000000	1221.2270770	269.5000000	
0.0000000	0.0000000	1.0000000	
0.9996488270	0.0151395352	0.0217489558	
-0.0148692474	0.9998108586	-0.0125360481	
-0.0219346321	0.0122082551	0.9996848656	
-93.8615161637	1.1061608666	1.2014192850	


1221.2270770	0.0000000	479.5000000	
0.0000000	1221.2270770	269.5000000	
0.0000000	0.0000000	1.0000000	
0.9996347586	0.0158685824	0.0218755011	
-0.0156156599	0.9998097920	-0.0116846517	
-0.0220567591	0.0113387836	0.9996924184	
-94.8271671873	1.1263798244	1.2519067626	


1221.2270770	0.0000000	479.5000000	
0.0000000	1221.2270770	269.5000000	
0.0000000	0.0000000	1.0000000	
0.9996523961	0.0152313124	0.0215196203	
-0.0150037751	0.9998302303	-0.0106956703	
-0.0216788760	0.0103690769	0.9997112126	
-95.7286817626	1.1512264780	1.2786398160	


1221.2270770	0.0000000	479.5000000	
0.0000000	1221.2270770	269.5000000	
0.0000000	0.0000000	1.0000000	
0.9996479281	0.0150611439	0.0218444931	
-0.0148581711	0.9998451952	-0.0094244518	
-0.0219830545	0.0090965645	0.9997169589	
-96.6703243184	1.1642533329	1.2641818020	


1221.2270770	0.0000000	479.5000000	
0.0000000	1221.2270770	269.5000000	
0.0000000	0.0000000	1.0000000	
0.9996510821	0.0145662541	0.0220349334	
-0.0143813596	0.9998602296	-0.0085263013	
-0.0221560498	0.0082064340	0.9997208430	
-97.5849940412	1.1690238075	1.2975852946	


1221.2270770	0.0000000	479.5000000	
0.0000000	1221.2270770	269.5000000	
0.0000000	0.0000000	1.0000000	
0.9996529404	0.0143473161	0.0220941905	
-0.0141866555	0.9998718976	-0.0074112843	
-0.0221976922	0.0070952694	0.9997284229	
-98.5001369177	1.1242539531	1.3835942139	


1221.2270770	0.0000000	479.5000000	
0.0000000	1221.2270770	269.5000000	
0.0000000	0.0000000	1.0000000	
0.9996564683	0.0143932230	0.0219038949	
-0.0142459699	0.9998749614	-0.0068639587	
-0.0219999506	0.0065495585	0.9997365180	
-99.4363519436	1.1397923781	1.3703137788	


1221.2270770	0.0000000	479.5000000	
0.0000000	1221.2270770	269.5000000	
0.0000000	0.0000000	1.0000000	
0.9996468551	0.0154117010	0.0216481991	
-0.0152763705	0.9998628084	-0.0064028836	
-0.0217439085	0.0060699165	0.9997451468	
-100.3298153664	1.1557331309	1.4157371997	


1221.2270770	0.0000000	479.5000000	
0.0000000	1221.2270770	269.5000000	
0.0000000	0.0000000	1.0000000	
0.9996320970	0.0159319036	0.0219509720	
-0.0157962291	0.9998551288	-0.0063403961	
-0.0220488065	0.0059913209	0.9997389430	
-101.2499226098	1.2321248667	1.4058400374	


1221.2270770	0.0000000	479.5000000	
0.0000000	1221.2270770	269.5000000	
0.0000000	0.0000000	1.0000000	
0.9996108300	0.0168851493	0.0222054093	
-0.0167605824	0.9998428020	-0.0057839640	
-0.0222995818	0.0054095375	0.9997366981	
-102.1309577127	1.1587079592	1.5011099804	


1221.2270770	0.0000000	479.5000000	
0.0000000	1221.2270770	269.5000000	
0.0000000	0.0000000	1.0000000	
0.9995534222	0.0198680028	0.0223208122	
-0.0197472215	0.9997892170	-0.0056186157	
-0.0224277380	0.0051753326	0.9997350712	
-103.1362780913	1.1320622655	1.4382391019	


1221.2270770	0.0000000	479.5000000	
0.0000000	1221.2270770	269.5000000	
0.0000000	0.0000000	1.0000000	
0.9995599065	0.0198119058	0.0220789887	
-0.0196731907	0.9997854497	-0.0064822947	
-0.0222026783	0.0060450778	0.9997352140	
-104.0345051469	1.1816379957	1.5107135861	


1221.2270770	0.0000000	479.5000000	
0.0000000	1221.2270770	269.5000000	
0.0000000	0.0000000	1.0000000	
0.9995816509	0.0187149839	0.0220515902	
-0.0185652182	0.9998033086	-0.0069768819	
-0.0221778251	0.0065645705	0.9997324895	
-104.9193077273	1.1824061764	1.5332658513	


1221.2270770	0.0000000	479.5000000	
0.0000000	1221.2270770	269.5000000	
0.0000000	0.0000000	1.0000000	
0.9995783214	0.0186277577	0.0222752347	
-0.0184692094	0.9998027623	-0.0073023827	
-0.0224068682	0.0068878975	0.9997252068	
-105.8187100215	1.2033426357	1.5000458705	


1221.2270770	0.0000000	479.5000000	
0.0000000	1221.2270770	269.5000000	
0.0000000	0.0000000	1.0000000	
0.9995803765	0.0180543598	0.0226519556	
-0.0178975265	0.9998145648	-0.0071073630	
-0.0227760740	0.0066989666	0.9997181474	
-106.7877191600	1.1478734925	1.5405228776	


1221.2270770	0.0000000	479.5000000	
0.0000000	1221.2270770	269.5000000	
0.0000000	0.0000000	1.0000000	
0.9995847695	0.0187822392	0.0218521394	
-0.0186247099	0.9997992323	-0.0073902153	
-0.0219865570	0.0069801569	0.9997338990	
-107.6924764618	1.2344137372	1.4957697133	


1221.2270770	0.0000000	479.5000000	
0.0000000	1221.2270770	269.5000000	
0.0000000	0.0000000	1.0000000	
0.9995485087	0.0205134269	0.0219539976	
-0.0203764084	0.9997715943	-0.0064467912	
-0.0220812290	0.0059965369	0.9997381962	
-108.5296824816	1.2839826447	1.4766395047	


1221.2270770	0.0000000	479.5000000	
0.0000000	1221.2270770	269.5000000	
0.0000000	0.0000000	1.0000000	
0.9995012939	0.0222244316	0.0224329683	
-0.0221216804	0.9997436752	-0.0048182129	
-0.0225343003	0.0043195551	0.9997367387	
-109.5007838660	1.2931474956	1.5001346282	


1221.2270770	0.0000000	479.5000000	
0.0000000	1221.2270770	269.5000000	
0.0000000	0.0000000	1.0000000	
0.9995079498	0.0219535271	0.0224031456	
-0.0218865921	0.9997552466	-0.0032286101	
-0.0224685417	0.0027366929	0.9997438048	
-110.4350739168	1.3205970548	1.5177209795	


1221.2270770	0.0000000	479.5000000	
0.0000000	1221.2270770	269.5000000	
0.0000000	0.0000000	1.0000000	
0.9995256457	0.0214353561	0.0221135517	
-0.0213729933	0.9997669111	-0.0030526451	
-0.0221738318	0.0025785643	0.9997508050	
-111.2882002170	1.2814735736	1.6011203606	


1221.2270770	0.0000000	479.5000000	
0.0000000	1221.2270770	269.5000000	
0.0000000	0.0000000	1.0000000	
0.9995135800	0.0218447201	0.0222578452	
-0.0217811253	0.9997579705	-0.0030956490	
-0.0223200817	0.0026093423	0.9997474708	
-112.1411346702	1.3254776384	1.6352793960	


1221.2270770	0.0000000	479.5000000	
0.0000000	1221.2270770	269.5000000	
0.0000000	0.0000000	1.0000000	
0.9994913973	0.0220589497	0.0230293187	
-0.0219865394	0.9997525100	-0.0033927765	
-0.0230984603	0.0028847159	0.9997290331	
-113.0613388347	1.3209785547	1.6632065107	


1221.2270770	0.0000000	479.5000000	
0.0000000	1221.2270770	269.5000000	
0.0000000	0.0000000	1.0000000	
0.9994915692	0.0218751623	0.0231965599	
-0.0217898499	0.9997548714	-0.0039242377	
-0.0232767171	0.0034167929	0.9997232217	
-113.9743481913	1.2896435643	1.7508426090	


1221.2270770	0.0000000	479.5000000	
0.0000000	1221.2270770	269.5000000	
0.0000000	0.0000000	1.0000000	
0.9995292412	0.0202771292	0.0230246388	
-0.0201666215	0.9997840218	-0.0050216564	
-0.0231214908	0.0045549632	0.9997222859	
-114.8486384990	1.3333075013	1.7235945329	


1221.2270770	0.0000000	479.5000000	
0.0000000	1221.2270770	269.5000000	
0.0000000	0.0000000	1.0000000	
0.9995611326	0.0181005117	0.0234502375	
-0.0179716655	0.9998222852	-0.0056936144	
-0.0235491274	0.0052696759	0.9997087922	
-115.6976463301	1.3199941238	1.7280745796	


1221.2270770	0.0000000	479.5000000	
0.0000000	1221.2270770	269.5000000	
0.0000000	0.0000000	1.0000000	
0.9995769734	0.0165409591	0.0239221826	
-0.0164111825	0.9998495827	-0.0056111481	
-0.0240113981	0.0052161831	0.9996980765	
-116.6484493558	1.3383770000	1.7221176073	


1221.2270770	0.0000000	479.5000000	
0.0000000	1221.2270770	269.5000000	
0.0000000	0.0000000	1.0000000	
0.9996275200	0.0135754439	0.0236754842	
-0.0134328143	0.9998907206	-0.0061730344	
-0.0237566986	0.0058527067	0.9997006377	
-117.5008816504	1.3762208523	1.7154671829	


1221.2270770	0.0000000	479.5000000	
0.0000000	1221.2270770	269.5000000	
0.0000000	0.0000000	1.0000000	
0.9996464435	0.0118225074	0.0238163026	
-0.0116870274	0.9999147685	-0.0058197246	
-0.0238830764	0.0055393252	0.9996994121	
-118.3689326013	1.3948469028	1.7304664201	


1221.2270770	0.0000000	479.5000000	
0.0000000	1221.2270770	269.5000000	
0.0000000	0.0000000	1.0000000	
0.9996502726	0.0104367254	0.0242982956	
-0.0103178367	0.9999342033	-0.0050131237	
-0.0243490175	0.0047606646	0.9996921833	
-119.2710795515	1.3916333588	1.7466881882	


1221.2270770	0.0000000	479.5000000	
0.0000000	1221.2270770	269.5000000	
0.0000000	0.0000000	1.0000000	
0.9996576647	0.0101160006	0.0241292329	
-0.0100085230	0.9999394665	-0.0045708690	
-0.0241740112	0.0043278063	0.9996983982	
-120.1452186987	1.3835336943	1.7644047264	


1221.2270770	0.0000000	479.5000000	
0.0000000	1221.2270770	269.5000000	
0.0000000	0.0000000	1.0000000	
0.9996234910	0.0122618394	0.0245463553	
-0.0121725138	0.9999187479	-0.0037851768	
-0.0245907741	0.0034849608	0.9996915269	
-121.0034998299	1.4214827400	1.7351659106	


1221.2270770	0.0000000	479.5000000	
0.0000000	1221.2270770	269.5000000	
0.0000000	0.0000000	1.0000000	
0.9995871753	0.0135534236	0.0253334485	
-0.0134887921	0.9999053215	-0.0027203880	
-0.0253679205	0.0023775473	0.9996753552	
-121.9242781399	1.4132122878	1.8547732813	


1221.2270770	0.0000000	479.5000000	
0.0000000	1221.2270770	269.5000000	
0.0000000	0.0000000	1.0000000	
0.9995906804	0.0124887810	0.0257391161	
-0.0124251928	0.9999193483	-0.0026289515	
-0.0257698726	0.0023080619	0.9996652372	
-122.9180517877	1.4494934334	1.8513487428	


1221.2270770	0.0000000	479.5000000	
0.0000000	1221.2270770	269.5000000	
0.0000000	0.0000000	1.0000000	
0.9996103429	0.0102448080	0.0259654833	
-0.0101614019	0.9999427865	-0.0033421066	
-0.0259982370	0.0030769586	0.9996572533	
-123.7349118269	1.4302348223	1.9091243738	


1221.2270770	0.0000000	479.5000000	
0.0000000	1221.2270770	269.5000000	
0.0000000	0.0000000	1.0000000	
0.9996087940	0.0085408711	0.0266329192	
-0.0084537409	0.9999585459	-0.0033824045	
-0.0266607038	0.0031559335	0.9996395585	
-124.6300282905	1.4730729896	1.9010911594	


1221.2270770	0.0000000	479.5000000	
0.0000000	1221.2270770	269.5000000	
0.0000000	0.0000000	1.0000000	
0.9996183544	0.0043030086	0.0272879024	
-0.0042020198	0.9999841134	-0.0037571266	
-0.0273036359	0.0036410284	0.9996205552	
-125.5679914845	1.4569988386	1.9493810153	


1221.2270770	0.0000000	479.5000000	
0.0000000	1221.2270770	269.5000000	
0.0000000	0.0000000	1.0000000	
0.9996384402	0.0004892376	0.0268840023	
-0.0003682980	0.9999897921	-0.0045033373	
-0.0268859310	0.0044918077	0.9996284162	
-126.4367861643	1.3697971068	2.0045890874	


1221.2270770	0.0000000	479.5000000	
0.0000000	1221.2270770	269.5000000	
0.0000000	0.0000000	1.0000000	
0.9996382624	-0.0012025377	0.0268681648	
0.0013588844	0.9999822477	-0.0058015326	
-0.0268607113	0.0058359447	0.9996221506	
-127.3206952422	1.4528568052	1.9181651801	


1221.2270770	0.0000000	479.5000000	
0.0000000	1221.2270770	269.5000000	
0.0000000	0.0000000	1.0000000	
0.9996279537	0.0002226288	0.0272746156	
-0.0000521595	0.9999804631	-0.0062506615	
-0.0272754743	0.0062469133	0.9996084356	
-128.1932456471	1.4213750535	1.9699358097	


1221.2270770	0.0000000	479.5000000	
0.0000000	1221.2270770	269.5000000	
0.0000000	0.0000000	1.0000000	
0.9996103199	0.0029731776	0.0277555126	
-0.0027920580	0.9999745719	-0.0065620137	
-0.0277743168	0.0064819616	0.9995932030	
-129.1420986321	1.4757374607	1.9209624961	


1221.2270770	0.0000000	479.5000000	
0.0000000	1221.2270770	269.5000000	
0.0000000	0.0000000	1.0000000	
0.9995873492	0.0046194273	0.0283512303	
-0.0044440447	0.9999706188	-0.0062459598	
-0.0283792500	0.0061173883	0.9995785090	
-130.0995900507	1.4586077570	2.0034335527	


1221.2270770	0.0000000	479.5000000	
0.0000000	1221.2270770	269.5000000	
0.0000000	0.0000000	1.0000000	
0.9995727272	0.0065219557	0.0284925800	
-0.0063671519	0.9999644912	-0.0055204810	
-0.0285275726	0.0053367056	0.9995787599	
-131.0484741999	1.4746860662	1.9679315255	


1221.2270770	0.0000000	479.5000000	
0.0000000	1221.2270770	269.5000000	
0.0000000	0.0000000	1.0000000	
0.9995465418	0.0090593832	0.0287165180	
-0.0089338031	0.9999499746	-0.0044983866	
-0.0287558341	0.0042397990	0.9995774738	
-131.9070558025	1.5192984262	1.9007522395	


1221.2270770	0.0000000	479.5000000	
0.0000000	1221.2270770	269.5000000	
0.0000000	0.0000000	1.0000000	
0.9994947007	0.0105202849	0.0299944483	
-0.0104373509	0.9999412653	-0.0029202101	
-0.0300234080	0.0026056719	0.9995457996	
-132.8859901705	1.5757465811	1.9070605650	


1221.2270770	0.0000000	479.5000000	
0.0000000	1221.2270770	269.5000000	
0.0000000	0.0000000	1.0000000	
0.9994993138	0.0083035612	0.0305315031	
-0.0082448571	0.9999639131	-0.0020481321	
-0.0305474081	0.0017953787	0.9995317066	
-133.8618670672	1.5554591824	2.0210739212	


1221.2270770	0.0000000	479.5000000	
0.0000000	1221.2270770	269.5000000	
0.0000000	0.0000000	1.0000000	
0.9995247909	0.0045408022	0.0304889090	
-0.0044786600	0.9999877527	-0.0021061720	
-0.0304980993	0.0019686217	0.9995328861	
-134.7533244811	1.5397689747	2.1126054798	


1221.2270770	0.0000000	479.5000000	
0.0000000	1221.2270770	269.5000000	
0.0000000	0.0000000	1.0000000	
0.9995271758	0.0030263614	0.0305984623	
-0.0029555640	0.9999928505	-0.0023587180	
-0.0306053818	0.0022671670	0.9995289743	
-135.6224548098	1.5383490115	2.0704151388	


1221.2270770	0.0000000	479.5000000	
0.0000000	1221.2270770	269.5000000	
0.0000000	0.0000000	1.0000000	
0.9995016301	0.0013928465	0.0315365095	
-0.0013155839	0.9999960828	-0.0024705595	
-0.0315398271	0.0024278394	0.9994995472	
-136.5634518267	1.5830044586	2.0359915395	


1221.2270770	0.0000000	479.5000000	
0.0000000	1221.2270770	269.5000000	
0.0000000	0.0000000	1.0000000	
0.9994918654	-0.0001063701	0.0318747506	
0.0001766266	0.9999975615	-0.0022013360	
-0.0318744387	0.0022058473	0.9994894469	
-137.5507553116	1.5751920980	2.0298210355	


1221.2270770	0.0000000	479.5000000	
0.0000000	1221.2270770	269.5000000	
0.0000000	0.0000000	1.0000000	
0.9994969590	0.0007133699	0.0317067822	
-0.0006548319	0.9999980622	-0.0018565754	
-0.0317080452	0.0018348789	0.9994954893	
-138.4894970756	1.5579144323	1.9428572027	


1221.2270770	0.0000000	479.5000000	
0.0000000	1221.2270770	269.5000000	
0.0000000	0.0000000	1.0000000	
0.9994777978	0.0039429472	0.0320715602	
-0.0039017882	0.9999914824	-0.0013458331	
-0.0320765935	0.0012199938	0.9994846691	
-139.3842841384	1.5562755523	1.9575785274	


1221.2270770	0.0000000	479.5000000	
0.0000000	1221.2270770	269.5000000	
0.0000000	0.0000000	1.0000000	
0.9994410678	0.0057319621	0.0329347318	
-0.0057250651	0.9999835656	-0.0003037128	
-0.0329359314	0.0001149895	0.9994574584	
-140.3910222179	1.5994787294	1.9385852474	



